0
I'm Boss
I'm Player
300 600
300 200

1
I'm Boss, HAHAHA
I'm Player, HAHAHA
300 600
302.034 209.791
302 581 -174 147

5
I'm Boss, HAHAHA
I'm Player, HAHAHA
300 600
299.226 219.389
311 573 -177 148
290 639 188 113
294 614 -165 -110
348 604 198 193
280 584 184 170

9
I'm Boss, HAHAHA
I'm Player, HAHAHA
300 600
309.191 218.548
297 571 192 125
338 591 167 -155
250 598 111 -156
307 618 145 -115
274 595 -116 -163
284 553 165 -149
262 576 186 154
328 575 -131 137
276 626 145 199

9
I'm Boss, HAHAHA
I'm Player, HAHAHA
300 600
306.166 228.079
301 610 -167 123
309 630 -123 -171
276 588 198 192
250 572 -166 195
300 637 114 -182
298 644 -142 -123
299 574 191 -132
347 649 -181 193
273 619 -109 -189

0
I'm Boss, HAHAHA
I'm Player, HAHAHA
300 600
313.352 221.125

3
I'm Boss, HAHAHA
I'm Player, HAHAHA
300 600
311.831 231.008
330 577 -130 -138
313 605 -151 -144
330 566 -139 135

9
I'm Boss, HAHAHA
I'm Player, HAHAHA
300 600
304.031 237.266
346 637 121 -164
284 553 -129 109
345 554 155 -137
340 636 176 -113
335 558 119 128
339 608 -122 176
250 639 151 -186
271 626 -139 -130
341 641 -140 -163

3
I'm Boss, HAHAHA
I'm Player, HAHAHA
300 600
294.247 239.337
264 586 -184 148
336 634 106 158
257 622 108 133

2
I'm Boss, HAHAHA
I'm Player, HAHAHA
300 600
284.353 240.789
278 567 198 -178
251 621 130 142

5
I'm Boss, HAHAHA
I'm Player, HAHAHA
300 600
275.964 235.346
263 563 -165 -191
274 616 -152 182
307 632 -127 -147
292 566 100 -152
322 562 -144 -131

8
I'm Boss, HAHAHA
I'm Player, HAHAHA
300 600
267.572 229.909
278 576 109 178
250 569 -131 134
323 578 -193 -136
276 635 195 -120
308 579 173 -179
307 572 -122 -192
302 630 175 123
258 607 189 -132

4
I'm Boss, HAHAHA
I'm Player, HAHAHA
300 600
273.094 238.246
308 596 -168 152
252 629 105 142
316 596 -161 -137
349 569 -135 136

0
I'm Boss, HAHAHA
I'm Player, HAHAHA
300 600
263.639 241.503

4
I'm Boss, HAHAHA
I'm Player, HAHAHA
300 600
261.274 251.219
319 550 -182 -194
312 630 110 100
314 561 137 -167
307 606 139 124

4
I'm Boss, HAHAHA
I'm Player, HAHAHA
300 600
258.964 260.949
347 622 116 -178
274 582 -107 121
292 612 159 109
320 630 -113 103

0
I'm Boss, HAHAHA
I'm Player, HAHAHA
300 600
255.886 270.463

5
I'm Boss, HAHAHA
I'm Player, HAHAHA
300 600
254.845 280.409
335 568 182 -192
278 552 -133 134
315 617 -174 -142
271 558 151 125
310 586 -114 -122

2
I'm Boss, HAHAHA
I'm Player, HAHAHA
300 600
258.971 271.3
254 605 125 119
322 560 -163 154

3
I'm Boss, HAHAHA
I'm Player, HAHAHA
300 600
249.138 269.482
273 597 -115 110
279 614 139 -173
261 634 -168 176

1
I'm Boss, HAHAHA
I'm Player, HAHAHA
300 600
258.591 266.219
315 569 122 -153

5
I'm Boss, HAHAHA
I'm Player, HAHAHA
300 600
248.833 268.407
349 556 -154 -101
341 616 -113 135
325 620 -157 -134
264 642 142 -166
286 572 119 127

2
I'm Boss, HAHAHA
I'm Player, HAHAHA
300 600
257.235 273.828
343 619 161 -182
275 616 -141 148

3
I'm Boss, HAHAHA
I'm Player, HAHAHA
300 600
252.39 282.576
345 605 158 192
320 645 151 -164
345 628 -181 173

4
I'm Boss, HAHAHA
I'm Player, HAHAHA
300 600
260.451 288.495
267 578 159 109
302 596 -196 130
294 567 -188 -146
297 551 -177 -110

6
I'm Boss, HAHAHA
I'm Player, HAHAHA
300 600
260.231 278.497
315 550 -122 130
311 632 -124 -133
267 620 117 102
343 571 113 124
344 567 192 -136
265 606 -132 -186

7
I'm Boss, HAHAHA
I'm Player, HAHAHA
300 600
261.975 288.344
256 643 158 -177
274 597 -165 127
336 608 -115 113
343 631 -140 128
265 617 162 -178
318 586 140 127
268 609 -145 159

3
I'm Boss, HAHAHA
I'm Player, HAHAHA
300 600
271.13 292.367
340 566 121 154
280 615 159 104
251 641 -167 -133

9
I'm Boss, HAHAHA
I'm Player, HAHAHA
300 600
268.028 301.874
340 609 -105 185
282 554 155 128
280 562 -174 103
270 565 -142 -107
320 649 128 175
275 590 -157 -142
349 609 -121 -103
321 644 -157 -189
318 598 -178 177

7
I'm Boss, HAHAHA
I'm Player, HAHAHA
300 600
267.193 311.839
275 626 151 -196
270 603 -152 -106
303 596 -160 160
337 639 -108 151
324 601 118 168
338 636 175 -145
260 636 -143 103

0
I'm Boss, HAHAHA
I'm Player, HAHAHA
300 600
257.914 315.567

5
I'm Boss, HAHAHA
I'm Player, HAHAHA
300 600
265.208 308.726
336 553 -104 149
300 584 -104 -129
269 558 175 100
321 632 194 134
324 550 -160 -131

1
I'm Boss, HAHAHA
I'm Player, HAHAHA
300 600
271.655 301.081
295 594 -187 -175

8
I'm Boss, HAHAHA
I'm Player, HAHAHA
300 600
262.019 298.406
256 551 185 155
283 559 133 177
313 570 144 197
311 560 154 -156
284 596 108 122
259 583 113 110
302 645 -117 184
294 615 -194 156

1
I'm Boss, HAHAHA
I'm Player, HAHAHA
300 600
252.116 299.796
317 594 188 -163

2
I'm Boss, HAHAHA
I'm Player, HAHAHA
300 600
260.214 305.664
258 559 -133 182
345 579 -198 149

0
I'm Boss, HAHAHA
I'm Player, HAHAHA
300 600
269.797 302.808

6
I'm Boss, HAHAHA
I'm Player, HAHAHA
300 600
263.506 310.581
342 565 -161 -187
334 633 -185 157
288 638 -143 -136
322 629 191 185
278 582 125 -157
345 555 -163 -101

0
I'm Boss, HAHAHA
I'm Player, HAHAHA
300 600
260.734 320.189

5
I'm Boss, HAHAHA
I'm Player, HAHAHA
300 600
262.335 330.06
321 629 -100 196
253 570 -183 123
293 605 179 117
273 563 185 111
262 570 -179 -181

2
I'm Boss, HAHAHA
I'm Player, HAHAHA
300 600
271.652 326.425
269 606 -162 125
322 576 167 -179

1
I'm Boss, HAHAHA
I'm Player, HAHAHA
300 600
269.796 316.599
288 554 -132 -128

7
I'm Boss, HAHAHA
I'm Player, HAHAHA
300 600
266.468 307.169
322 645 132 -178
263 585 -174 -137
283 633 -162 178
327 573 -179 164
262 629 -175 121
292 603 160 -190
256 620 175 132

1
I'm Boss, HAHAHA
I'm Player, HAHAHA
300 600
276.268 305.178
254 580 -133 -183

6
I'm Boss, HAHAHA
I'm Player, HAHAHA
300 600
279.943 295.878
325 563 101 -149
285 611 104 -178
256 577 172 105
263 623 -165 177
279 644 -150 196
255 610 161 156

5
I'm Boss, HAHAHA
I'm Player, HAHAHA
300 600
271.931 289.894
265 617 -130 193
276 604 -183 145
348 610 129 180
277 593 168 -163
273 587 170 158

6
I'm Boss, HAHAHA
I'm Player, HAHAHA
300 600
265.403 297.469
341 617 -190 161
334 553 -117 -137
349 571 184 -168
300 595 176 190
317 621 199 183
285 640 -181 -170

7
I'm Boss, HAHAHA
I'm Player, HAHAHA
300 600
260.449 288.783
342 580 106 146
253 596 -152 171
300 589 145 -180
256 566 -178 103
331 634 -175 -127
277 594 146 138
315 581 -191 -153

1
I'm Boss, HAHAHA
I'm Player, HAHAHA
300 600
255.565 280.057
257 584 108 -162

0
I'm Boss, HAHAHA
I'm Player, HAHAHA
300 600
251.274 289.089

9
I'm Boss, HAHAHA
I'm Player, HAHAHA
300 600
251.406 279.09
294 577 108 -122
256 613 -144 -196
261 614 -107 154
302 615 -124 -131
339 576 -143 -120
317 597 125 -125
322 594 -166 110
330 614 191 -193
275 649 103 116

9
I'm Boss, HAHAHA
I'm Player, HAHAHA
300 600
255.394 288.26
281 577 -132 174
282 641 -192 -188
277 582 -155 -110
346 576 -190 147
334 564 107 194
303 646 -107 -142
298 616 -187 102
335 577 156 166
345 598 -194 130

0
I'm Boss, HAHAHA
I'm Player, HAHAHA
300 600
260.123 297.071

6
I'm Boss, HAHAHA
I'm Player, HAHAHA
300 600
254.947 305.627
346 615 -147 155
294 567 122 151
276 582 -175 -134
334 608 -172 153
297 629 -124 195
281 565 148 -139

7
I'm Boss, HAHAHA
I'm Player, HAHAHA
300 600
251.797 296.136
277 569 -105 119
322 551 153 -170
331 579 187 -180
259 585 -114 -134
327 564 196 153
342 604 163 -148
273 626 181 -100

0
I'm Boss, HAHAHA
I'm Player, HAHAHA
300 600
261.327 299.166

5
I'm Boss, HAHAHA
I'm Player, HAHAHA
300 600
270.818 302.316
294 573 -129 -162
322 639 -162 -108
302 645 198 168
271 615 -124 123
291 609 -185 140

2
I'm Boss, HAHAHA
I'm Player, HAHAHA
300 600
278.594 308.602
285 617 -113 153
341 642 -148 -154

6
I'm Boss, HAHAHA
I'm Player, HAHAHA
300 600
268.704 307.125
336 598 138 133
286 638 -192 -141
264 577 -105 -152
332 614 198 124
264 610 -154 -160
331 592 154 194

0
I'm Boss, HAHAHA
I'm Player, HAHAHA
300 600
275.713 299.992

9
I'm Boss, HAHAHA
I'm Player, HAHAHA
300 600
266.304 296.605
271 644 159 172
262 646 -132 -160
295 604 -151 -106
281 642 173 146
337 560 -161 166
329 605 -140 -143
269 583 -104 -164
257 623 -137 -151
260 574 -163 -123

2
I'm Boss, HAHAHA
I'm Player, HAHAHA
300 600
257.063 300.426
258 631 194 187
328 555 -105 -144

5
I'm Boss, HAHAHA
I'm Player, HAHAHA
300 600
256.385 310.403
293 598 -117 -111
265 602 -107 120
315 611 -167 166
332 620 -136 -123
349 635 -182 -102

2
I'm Boss, HAHAHA
I'm Player, HAHAHA
300 600
266.26 308.826
297 578 138 194
293 638 -140 184

5
I'm Boss, HAHAHA
I'm Player, HAHAHA
300 600
272.229 300.803
339 640 -115 114
272 611 -162 106
255 614 198 -107
329 554 131 -171
294 569 155 102

8
I'm Boss, HAHAHA
I'm Player, HAHAHA
300 600
282.227 300.639
349 558 119 -194
340 602 163 198
268 572 -191 129
268 645 134 -103
281 647 147 -146
306 562 -132 126
273 592 108 151
316 606 -174 -181

0
I'm Boss, HAHAHA
I'm Player, HAHAHA
300 600
277.131 292.035

6
I'm Boss, HAHAHA
I'm Player, HAHAHA
300 600
268.602 286.816
266 575 141 111
316 585 117 166
271 564 125 -111
256 569 153 -164
314 638 112 198
332 583 196 -149

3
I'm Boss, HAHAHA
I'm Player, HAHAHA
300 600
261.867 279.423
286 632 -164 104
335 649 -182 131
267 566 -195 158

2
I'm Boss, HAHAHA
I'm Player, HAHAHA
300 600
263.919 289.211
344 574 -137 -113
342 586 -182 107

9
I'm Boss, HAHAHA
I'm Player, HAHAHA
300 600
254.259 286.626
328 552 131 -116
297 632 165 -159
284 601 151 192
346 564 -161 190
286 607 144 148
298 636 165 -189
295 580 188 122
252 579 -122 -143
321 581 -157 134

2
I'm Boss, HAHAHA
I'm Player, HAHAHA
300 600
262.056 292.889
347 642 194 -154
273 645 -180 -168

2
I'm Boss, HAHAHA
I'm Player, HAHAHA
300 600
269.789 286.548
271 611 117 -180
323 609 -128 191

3
I'm Boss, HAHAHA
I'm Player, HAHAHA
300 600
263.017 293.907
260 648 142 107
328 631 147 -194
263 642 173 161

0
I'm Boss, HAHAHA
I'm Player, HAHAHA
300 600
256.647 286.197

8
I'm Boss, HAHAHA
I'm Player, HAHAHA
300 600
252.401 277.144
286 566 152 186
313 585 124 -138
260 628 189 -157
307 606 164 170
336 618 109 -197
338 648 -161 -101
322 596 -101 136
326 562 -118 163

1
I'm Boss, HAHAHA
I'm Player, HAHAHA
300 600
252.37 287.144
298 627 189 140

7
I'm Boss, HAHAHA
I'm Player, HAHAHA
300 600
255.816 296.531
285 596 -160 -166
252 569 -193 -158
340 563 179 -182
304 647 -171 -116
331 583 161 -124
296 646 152 125
326 559 121 122

9
I'm Boss, HAHAHA
I'm Player, HAHAHA
300 600
249.044 289.173
327 561 171 -132
305 645 -123 -187
325 643 131 -190
283 597 105 120
256 553 104 129
311 613 -190 177
336 554 -135 -160
344 637 -139 152
347 639 -151 112

4
I'm Boss, HAHAHA
I'm Player, HAHAHA
300 600
255.447 296.854
285 611 177 198
277 595 -159 111
250 604 199 117
258 581 -108 102

9
I'm Boss, HAHAHA
I'm Player, HAHAHA
300 600
258.906 306.237
250 630 -122 -124
256 566 -195 -155
329 594 -189 185
251 612 -160 110
261 593 -171 -196
254 622 147 175
293 580 -132 114
349 590 -188 -197
256 571 137 148

3
I'm Boss, HAHAHA
I'm Player, HAHAHA
300 600
249.185 303.89
322 622 -144 148
336 580 158 -161
263 645 -104 114

7
I'm Boss, HAHAHA
I'm Player, HAHAHA
300 600
254.785 312.175
298 578 194 151
295 572 121 172
275 552 198 137
288 550 132 197
273 551 184 185
299 644 126 -149
262 590 -184 -166

9
I'm Boss, HAHAHA
I'm Player, HAHAHA
300 600
259.358 303.282
258 639 162 -164
342 596 -197 -157
278 556 144 106
299 577 -146 -187
296 592 140 -147
280 605 187 121
277 575 186 113
269 569 -130 195
346 554 -142 182

9
I'm Boss, HAHAHA
I'm Player, HAHAHA
300 600
259.12 313.279
312 584 154 -134
317 558 -160 194
295 615 197 -188
263 619 148 -136
326 604 -152 -185
321 592 -154 -126
346 638 -164 192
316 625 -170 -123
285 626 -198 129

8
I'm Boss, HAHAHA
I'm Player, HAHAHA
300 600
268.679 316.214
271 583 -160 187
254 649 -181 160
259 586 -137 126
258 577 176 -131
302 637 -158 102
254 610 -116 -125
269 605 -139 108
345 616 110 -143

2
I'm Boss, HAHAHA
I'm Player, HAHAHA
300 600
265.589 325.724
349 645 -120 -176
346 586 -139 -152

2
I'm Boss, HAHAHA
I'm Player, HAHAHA
300 600
261.537 316.582
317 599 105 109
299 563 -179 189

9
I'm Boss, HAHAHA
I'm Player, HAHAHA
300 600
270.911 313.1
344 567 -117 132
292 614 -106 -156
288 621 -168 194
273 616 122 -141
295 588 163 124
343 600 173 105
329 575 199 185
316 645 -113 -180
342 550 -161 104

0
I'm Boss, HAHAHA
I'm Player, HAHAHA
300 600
277.261 305.375

2
I'm Boss, HAHAHA
I'm Player, HAHAHA
300 600
271.122 313.269
264 563 -173 -173
267 559 154 174

3
I'm Boss, HAHAHA
I'm Player, HAHAHA
300 600
280.527 316.668
300 612 -136 -121
326 616 197 119
270 553 -176 -140

4
I'm Boss, HAHAHA
I'm Player, HAHAHA
300 600
270.868 314.078
334 579 183 -147
300 631 -141 189
270 629 157 -114
261 579 175 161

6
I'm Boss, HAHAHA
I'm Player, HAHAHA
300 600
261.457 310.697
345 649 174 -101
270 644 -196 -178
349 638 -116 -117
322 603 148 -142
255 627 -173 185
307 600 -120 100

4
I'm Boss, HAHAHA
I'm Player, HAHAHA
300 600
270.9 307.404
252 638 -174 -196
339 569 105 -153
265 556 -163 -172
337 570 172 131

8
I'm Boss, HAHAHA
I'm Player, HAHAHA
300 600
275.061 298.311
324 572 133 195
299 642 -199 -174
295 550 -124 105
286 627 121 -141
316 609 -131 152
322 637 167 -135
345 601 194 -181
338 553 -117 158

5
I'm Boss, HAHAHA
I'm Player, HAHAHA
300 600
275.958 288.351
310 561 -102 -125
314 564 -115 -143
254 580 158 -157
303 571 -172 -123
326 634 162 124

5
I'm Boss, HAHAHA
I'm Player, HAHAHA
300 600
265.974 288.923
337 616 -189 -136
273 575 131 176
275 591 -183 -165
319 620 -133 -119
341 577 -165 -167

8
I'm Boss, HAHAHA
I'm Player, HAHAHA
300 600
264.877 278.983
274 563 -100 -121
312 601 124 -139
318 625 198 -150
311 596 -189 160
254 611 176 191
265 576 -120 -169
261 596 -152 106
252 637 124 -152

3
I'm Boss, HAHAHA
I'm Player, HAHAHA
300 600
270.027 287.555
257 587 109 -102
334 635 181 168
314 588 -194 157

4
I'm Boss, HAHAHA
I'm Player, HAHAHA
300 600
277.874 281.357
265 638 -168 -185
292 566 -162 -195
303 581 149 157
300 565 195 -177

